0 ,
1 ,
15 ,
222 ,
3660 ,
68295 ,
1436568 ,
33779340 ,
880107840 ,
25201854045 ,
787368574080 ,
26667815195274 ,
973672928417280 ,
38132879409281551 ,
1594927540549216107 ,
70964911709203647616 ,
3347306760024434478208 ,
166855112441312458538412 ,
8765006377126144240132128 ,
483978086675777794690253260 ,
28025430458396518062180200769 ,
1698290885721847203122565406655 ,
107488521826421369360526722183906 ,
7092955744961544645400043089876880 ,
487183571570249843074160305114221030 ,
34777378866172352924828535324004845219 ,
2576477202389218546358581718386055926564 ,
197838270250286957540867622292899669430962 ,
15725944644296047578084965931024364639423624 ,
1292552968633717091291570633667163282515678803 ,
109733550109571687257061382630926553471308372698 ,
9612867755014868835152567385033932576338591646272 ,
868116640570582555032137981603969875782689370823344 ,
80747254333774284612937968350065046972961181639379400 ,
7729241538311834180523662458111238630013894349076095748 ,
760782247326243901533672917170204993796722629668796749376 ,
76943450306855223246158610377385569586853441246807835149712 ,
7990265381968437299112709702767346513360072556146602498879000 ,
851403091580313844918061183717930232460196624254323410329314350 ,
93028177069826626435471771685996017677502690521830686962949810200 ,
10416777659709866950471523604684968067150168857529177031094294520258 ,
1194644739457672498866751934865229251435775978176986700371818705985714 ,
140245605090696067297453408172886877384401721497696651848748523641869410 ,
16844354607025097185720639567549877235361870595873081401560722580234976780 ,
2068777766908167608161441652414574355459048317696132245274608566326155679343 ,
259691007163530662422949393509969385984332579364125431350163047124206711127083 ,
33302878712918660622894776090075654233088719252895553680610611533617739968957378 ,
4361089529588353582901499003772507881483859464144863144933440226044641310965629664 ,
